<?xml version="1.0" standalone="no"?>
<!DOCTYPE svg PUBLIC "-//W3C//DTD SVG 20010904//EN"
 "http://www.w3.org/TR/2001/REC-SVG-20010904/DTD/svg10.dtd">
<svg version="1.0" xmlns="http://www.w3.org/2000/svg"
 width="1200.000000pt" height="1200.000000pt" viewBox="0 0 1200.000000 1200.000000"
 preserveAspectRatio="xMidYMid meet">

<g transform="translate(0.000000,1200.000000) scale(0.100000,-0.100000)"
fill="#000000" stroke="none">
<path d="M3660 6000 c0 -573 3 -870 10 -870 7 0 10 297 10 870 0 573 -3 870
-10 870 -7 0 -10 -297 -10 -870z"/>
<path d="M4342 5993 l3 -478 128 -3 127 -3 0 181 0 180 160 0 160 0 0 105 0
105 -160 0 -160 0 0 80 0 80 195 0 195 0 0 115 0 115 -325 0 -325 0 2 -477z"/>
<path d="M7150 5995 l0 -475 228 0 c293 0 361 17 472 117 98 88 142 199 142
358 0 241 -120 403 -339 460 -42 11 -115 15 -280 15 l-223 0 0 -475z m467 226
c108 -55 151 -221 91 -353 -42 -90 -109 -128 -229 -128 l-69 0 0 256 0 257 83
-5 c56 -4 96 -12 124 -27z"/>
<path d="M2486 6258 c-22 -35 -188 -566 -189 -605 -1 -24 5 -40 18 -49 24 -18
59 -18 73 -1 6 7 54 149 108 315 88 277 95 305 84 332 -10 25 -18 30 -46 30
-24 0 -38 -6 -48 -22z"/>
<path d="M6745 6230 c-63 -9 -109 -32 -159 -79 -26 -24 -40 -32 -43 -23 -10
27 -54 70 -87 86 -44 21 -167 21 -229 0 -25 -8 -66 -34 -91 -56 l-46 -40 0 51
0 51 -110 0 -110 0 0 -355 0 -355 125 0 125 0 0 211 0 211 39 39 c42 43 90 52
127 25 18 -13 19 -31 24 -248 l5 -233 123 -3 122 -3 0 201 c0 158 3 207 15
230 34 65 122 92 161 49 17 -19 19 -42 22 -251 l3 -230 31 6 c17 3 73 6 125 6
l95 0 -4 278 c-4 237 -7 283 -22 319 -20 47 -74 100 -109 107 -53 11 -85 12
-132 6z"/>
<path d="M8362 6229 c-118 -20 -231 -110 -273 -217 -17 -43 -22 -79 -23 -147
0 -78 4 -98 28 -152 33 -72 104 -144 169 -173 109 -48 269 -47 374 2 51 24
153 118 153 141 0 9 -34 23 -99 41 l-98 28 -25 -25 c-37 -37 -98 -53 -147 -38
-50 14 -78 39 -87 74 l-6 27 252 0 252 0 -4 93 c-3 71 -10 104 -29 147 -49
104 -152 180 -275 200 -67 11 -88 11 -162 -1z m138 -184 c30 -15 60 -61 60
-90 0 -13 -18 -15 -114 -15 -63 0 -117 3 -120 8 -10 16 25 73 56 92 39 24 78
25 118 5z"/>
<path d="M9782 6222 c-99 -36 -165 -124 -166 -222 -1 -103 48 -147 228 -206
122 -39 136 -47 136 -75 0 -54 -108 -45 -228 17 -50 26 -68 31 -74 22 -4 -7
-23 -41 -43 -75 l-35 -62 42 -29 c107 -73 290 -103 411 -68 104 30 166 110
167 214 0 120 -57 168 -277 232 -97 28 -120 51 -86 85 25 25 92 14 172 -27
l66 -35 44 71 c32 52 41 74 34 86 -6 8 -40 30 -76 49 -59 30 -76 34 -164 38
-78 3 -109 0 -151 -15z"/>
<path d="M5270 6221 c-104 -34 -183 -102 -227 -196 -25 -54 -28 -71 -28 -165
0 -91 3 -112 25 -155 32 -65 102 -134 165 -164 177 -84 435 -25 518 118 21 36
29 31 -98 66 l-89 24 -20 -20 c-64 -70 -194 -60 -231 17 -8 17 -15 35 -15 38
0 3 112 6 250 6 l249 0 7 36 c9 47 -2 123 -27 190 -26 70 -100 147 -176 182
-50 23 -73 27 -168 29 -60 1 -121 -1 -135 -6z m165 -175 c33 -14 75 -66 75
-93 0 -10 -31 -13 -120 -13 -113 0 -120 1 -120 20 0 26 55 88 83 93 40 8 47 7
82 -7z"/>
<path d="M8842 6211 c2 -5 55 -162 118 -350 l115 -341 139 2 139 3 114 340
c62 187 113 343 113 347 0 5 -51 8 -113 8 l-112 0 -59 -237 c-32 -131 -62
-245 -66 -252 -9 -18 -7 -24 -81 272 l-54 217 -128 0 c-71 0 -127 -4 -125 -9z"/>
<path d="M1958 6008 c-274 -141 -274 -145 2 -283 104 -52 198 -95 208 -95 10
0 23 5 30 12 13 13 16 57 4 75 -4 7 -74 43 -155 81 l-146 69 137 64 c75 34
145 69 155 77 20 17 23 62 5 80 -23 23 -61 11 -240 -80z"/>
<path d="M2681 6086 c-7 -8 -11 -27 -9 -43 3 -24 15 -34 83 -68 44 -23 114
-56 155 -74 l75 -33 -105 -49 c-210 -97 -222 -106 -204 -156 6 -19 17 -29 34
-30 15 -2 100 36 215 95 159 81 192 102 200 125 13 39 -2 51 -207 156 -177 91
-215 103 -237 77z"/>
</g>
</svg>
